# yamllint disable
end-of-epoch: true
error: 1.0
loss: 2.0314857959747314
unixtime: 1667800308.4719627
